10101010
11001100
00110011
11100000
00011100
01010101
11110000
00001111
10010010
01101101
10110110
01001001
11011011
00100100
11111111
00000000
11110011
11000011
00111100
10101001
01010110
10011001
01100110
11101010
00010101
11001001
00110110
10001111
01110000
10111101
01000010
11011100
00100011
11101000
00010111
10001010
01110101
10100000
01011100
11100011
00011110
11010001
00101110
11110100
00001011
10010100
01101011
10111010
01000101
11010110
00101001
11100110
00011001
10000110
01111001
10111100
01000011
11011000
00100111
11110010
00001101
10010000
01101111
10110100
01001011
11001010
00110101
11101011
00010100
10001011
01110110
10100001
01011110
11000001
00111110
11111101
00000010
11101101
11010010
00101101
10111000
01000111
10010110
01101001
10111011
01000100
11010101
00101010
11100101
00011010
10000101
01111000
10111111
01000000
11011001
00100110
11110001
00001110
10010001
01101100